1 13
2 18
3 3
4 1
5 4
6 13
7 12
8 18
9 5
10 12
11 15
12 6
13 8
14 14
15 2
16 9
17 9
18 18
19 1
20 6
21 13
22 2
23 5
24 11
25 17
26 12
27 8
28 20
29 10
30 4
31 3
32 9
33 12
34 18
35 9
36 2
37 6
38 7
39 7
40 16
41 9
42 4
43 2
44 17
45 15
46 4
47 17
48 3
49 8
50 10
51 4
52 1
53 6
54 10
55 15
56 20
57 11
58 3
59 8
60 1
61 11
62 20
63 11
64 10
65 15
66 2
67 16
68 19
69 18
70 5
71 14
72 5
73 16
74 16
75 10
76 11
77 15
78 4
79 14
80 14
81 19
82 6
83 1
84 6
85 9
86 20
87 14
88 8
89 11
90 13
91 6
92 11
93 11
94 3
95 3
96 6
97 4
98 11
99 4
100 5
101 14
102 4
103 20
104 1
105 6
106 1
107 8
108 18
109 19
110 14
111 15
112 8
113 12
114 4
115 4
116 18
117 13
118 4
119 2
120 8
121 2
122 14
123 8
124 19
125 4
126 10
127 19
128 7
129 14
130 1
131 4
132 6
133 10
134 16
135 4
136 10
137 18
138 13
139 8
140 14
141 15
142 6
143 8
144 12
145 15
146 13
147 13
148 16
149 18
150 19
151 11
152 8
153 5
154 7
155 9
156 15
157 9
158 14
159 4
160 8
161 7
162 6
163 1
164 3
165 12
166 1
167 11
168 17
169 14
170 20
171 10
172 17
173 9
174 11
175 19
176 4
177 13
178 5
179 10
180 12
181 9
182 1
183 20
184 5
185 3
186 14
187 11
188 14
189 16
190 6
191 14
192 6
193 18
194 16
195 5
196 15
197 18
198 14
199 9
200 8
201 19
202 16
203 20
204 17
205 20
206 3
207 6
208 19
209 20
210 15
211 10
212 2
213 9
214 11
215 9
216 4
217 6
218 5
219 20
220 9
221 4
222 8
223 6
224 8
225 19
226 12
227 3
228 15
229 19
230 6
231 15
232 20
233 8
